0
10
11
20
30
34
40
50
55
60
70
80
84
88
90
100
110
113
120
130
140
141
150
160
170
180
190
191
194
200
210
211
212
220
224
230
240
250
260
270
280
281
290
300
310
320
328
330
331
340
343
350
360
362
370
380
381
390
400
410
411
420
421
430
440
450
451
460
461
470
480
490
500
510
520
530
531
540
550
551
552
560
561
563
570
580
590
600
601
610
612
620
622
630
631
640
641
650
653
654
660
670
680
690
700
701
710
711
720
722
730
731
734
740
744
750
752
753
754
755
756
757
758
760
761
770
780
783
784
785
790
791
792
794
795
800
801
810
811
812
820
821
830
831
832
838
840
841
843
850
860
861
870
876
879
880
881
882
884
885
886
890
892
900
901
903
910
911
920
921
930
931
940
948
949
950
954
960
961
962
963
970
972
974
978
979
980
981
982
983
984
985
986
988
989
990
991
992
999